Курица 31 4 0 150
Лосось 25 13 0 300
Творог 11 4 3 100
Говядина 22 15 0 250
Индейка 29 7 0 220
Яйцо 13 10 1 60
Чечевица 9 0 20 80
Фасоль 9 1 27 70
Киноа 4 2 21 90
Гречка 13 3 72 50
Овсянка 13 6 66 40
Арахис 25 50 16 200
Миндаль 21 49 22 220
Тунец 30 13 0 320
Сыр 25 33 1 150
Шпинат 3 0 1 30
Брокколи 3 0 7 50
ЦветнаяКапуста 2 0 5 40
Помидоры 1 0 4 30
Огурцы 1 0 4 25
Яблоки 0 0 14 20
Бананы 1 0 23 25
Апельсины 1 0 12 30
Капуста 1 0 6 35
Морковь 1 0 10 20
Картофель 2 0 17 30
Рис 3 0 28 45
Пшено 11 2 73 50
Булгур 12 0 75 60
Соя 36 20 30 200
Лебеда 14 7 58 100
Молоко 3 3 5 60
Кефир 3 3 5 65
Орехи 15 70 20 250
Фрукты 1 0 10 30
Кокос 3 33 15 180
Завтрак 15 9 1 80
Салат 4 8 5 70
Печень 20 5 0 150
Паста 5 2 31 75
Суп 2 0 10 50
СалатФр. 1 0 22 40
Бургер 19 12 32 200
Пицца 12 10 36 300
Хот-дог 11 21 2 90
Пирог 24 20 50 180
Пельмени 10 5 30 150
Блины 9 7 27 100
СупЧеч. 11 2 34 80
Фри 3 15 50 60
Фалафель 13 13 30 90
Хумус 8 13 20 100
ПастаСос. 10 5 40 70
Запеканка 8 6 30 150
Лазанья 15 9 35 240
ОвощЗапек. 4 5 20 70
Шашлык 26 10 3 250
ЖаренРыба 25 14 0 300
Тосты 8 2 20 50
Чипсы 6 30 54 45